
1F8 0 0 0 0 0 1 0 0 
1FF 0 0 0 0 0 0 0 0 0 9 3 1 
1FF 0 0 0 0 0 0 0 
1FC 0 0 0 0 
1FF 0 0 0 0 0 0 0 0 0 
1FE 0 0 0 0 0 0 0 0 0 0 0 0 0 0 0 0 0 0 2 0 0 0 
1FF 0 0 0 0 0 0 0 0 5 0 0 0 
1FF 0 0 0 0 0 0 0 0 0 0 
1FF 0 0 0 0 0 0 0 0 0 0 0 0 0 0 0 0 0 0 0 0 0 0 0 0 0 0 0 0 0 0 0 0 0 0 0 0 0 0 0 0 0 0 0 0 0 0 0 0 0 0 
1FF 0 0 0 0 0 0 0 
100 0 
1FF 0 0 0 0 0 0 0 0 0 0 0 0 0 0 0 0 0 0 0 0 0 0 
1FF 0 0 0 0 0 0 0 0 0 0 0 0 0 0 0 0 0 0 0 0 0 0 0 0 0 0 0 0 0 0 0 0 0 0 0 0 0 0 0 0 0 0 0 0 0 0 0 0 0 0 0 0 0 0 0 0 0 0 0 0 0 0 0 0 0 0 0 0 0 0 0 0 0 0 0 0 0 0 0 0 0 0 0 0 0 0 0 0 0 0 0 0 0 0 0 0 0 0 0 0 0 0 0 0 0 0 0 0 0 0 0 0 0 0 0 0 
1E6 CF 74 97 0 0 0 0 0 0 0 0 0 0 0 0 0 0 0 0 0 0 0 0 0 0 0 0 0 0 0 0 0 0 0 0 0 0 0 0 0 0 0 0 0 0 0 0 0 0 0 0 0 0 0 0 0 0 0 0 
103 
1C8 
1F8 0 0 0 0 0 0 0 0 0 0 0 0 0 0 0 0 0 0 0 0 0 0 0 0 0 0 0 0 0 0 0 0 0 0 0 0 0 0 0 0 0 0 0 0 0 0 0 0 0 0 0 0 0 0 0 0 0 0 0 0 0 0 0 0 0 0 0 0 0 0 0 0 0 0 0 0 0 0 0 0 0 0 0 0 0 0 0 0 0 0 0 0 0 0 0 0 0 0 0 0 0 0 0 0 0 0 0 0 0 
103 
1C4 
1F8 0 0 0 0 0 0 0 0 0 0 0 0 0 0 0 0 0 0 0 0 0 0 0 0 0 0 0 0 0 0 0 0 0 0 0 0 0 0 0 0 0 0 0 0 0 0 0 0 0 0 0 0 0 0 0 0 0 0 0 0 0 0 0 0 0 0 0 0 0 0 0 0 0 0 0 0 0 0 0 0 0 0 0 0 0 0 0 0 0 0 0 0 0 0 0 0 0 0 0 0 0 0 0 0 0 0 0 0 0 
183 
1C8 0 0 0 0 0 0 0 0 0 0 0 0 0 0 0 0 0 0 0 0 0 0 0 0 0 0 0 0 0 0 0 0 0 0 0 0 0 0 0 0 0 0 0 0 0 0 0 0 0 0 0 0 0 0 0 0 0 0 0 0 0 0 0 0 0 0 0 0 0 0 0 0 0 0 0 0 0 0 0 0 0 0 0 0 0 0 0 0 0 0 0 0 0 0 0 0 0 0 0 0 0 0 0 0 0 0 0 0 0 
1E3 
1C8 0 0 0 0 0 0 0 0 0 0 0 0 0 0 0 0 0 0 0 0 0 0 0 0 0 0 0 0 0 0 0 0 0 0 0 0 0 0 0 0 0 0 0 0 0 0 0 0 0 0 0 0 0 0 0 0 0 0 0 0 0 0 0 0 0 0 0 0 0 0 0 0 0 0 0 0 0 0 0 0 0 0 0 0 0 0 0 0 0 0 0 0 0 0 0 0 0 0 0 0 0 0 0 0 0 0 0 0 0 
103 
1C8 0 0 0 0 0 0 0 0 0 0 0 0 0 0 0 0 0 0 0 0 0 0 0 0 0 0 0 0 0 0 0 0 0 0 0 0 0 0 0 0 0 0 0 0 0 0 0 0 0 0 0 0 0 0 0 0 0 0 0 0 0 0 0 0 0 0 0 0 0 0 0 0 0 0 0 0 0 0 0 0 0 0 0 0 0 0 0 0 0 0 0 0 0 0 0 0 0 0 0 0 0 0 0 0 0 0 0 0 0 
103 40 0 0 0 0 0 0 0 0 0 0 0 0 0 0 0 0 0 0 0 0 0 0 0 0 0 0 0 0 0 0 0 0 0 0 0 0 0 0 0 0 0 0 0 0 0 0 0 0 0 0 0 0 0 0 0 0 0 0 0 0 0 0 0 0 0 0 0 0 0 0 0 0 0 0 0 0 0 0 0 0 0 0 0 0 0 0 0 0 0 0 0 0 0 0 0 0 0 0 0 0 0 0 0 0 0 0 0 0 0 
103 0 FE 0 0 0 0 0 0 0 0 0 0 0 0 0 0 0 0 0 0 0 0 0 0 0 1E DF 21 
1FC 0 0 0 1E DF 2F C2 0 0 0 0 0 0 0 0 0 0 0 0 0 0 0 0 0 0 0 0 0 0 0 0 0 0 0 0 0 0 0 0 0 0 0 0 0 0 0 0 0 0 0 0 0 0 0 0 0 0 0 0 0 0 0 0 0 0 0 0 0 0 0 0 0 0 0 0 1E DF 4F C1 0 0 0 0 0 0 
11E DF 2F C2 0 0 0 0 0 0 6 0 
1E0 0 0 0 0 0 0 0 0 0 0 0 0 0 0 0 0 0 0 0 0 0 0 0 0 0 0 0 0 0 0 0 0 0 0 0 0 0 0 0 0 0 0 0 0 0 0 1E DF BF 60 0 0 0 0 0 0 0 0 0 1E DF 2F E2 0 0 0 0 0 0 0 0 0 0 0 0 0 0 0 0 0 0 0 0 0 0 0 0 0 0 0 0 0 0 0 0 0 0 0 
11E DF BE 30 0 0 0 0 0 0 1E DF 2F C2 0 0 0 0 0 0 0 0 0 
103 
1C8 
1FC 0 0 0 0 0 0 0 0 0 0 0 0 0 0 0 0 0 0 0 0 0 0 0 0 0 0 0 0 0 0 0 0 0 0 0 0 
11E DF BE 30 0 0 0 0 0 0 0 0 0 1E DF 2F C2 0 0 0 0 0 0 0 0 0 0 0 0 1E DF BE 30 0 0 0 0 0 0 0 0 0 0 0 0 0 0 0 0 1E DF 2F C2 0 0 0 0 0 0 0 0 0 1E DF BE 3C 0 0 0 0 0 0 0 0 0 0 0 0 0 0 0 0 0 0 0 0 0 0 0 
103 
1C8 
1FC 0 0 0 
11E DF BE 30 0 0 0 0 0 0 0 0 0 0 0 0 0 0 0 0 0 0 0 0 0 0 0 0 0 0 0 0 0 1E DF BE 30 0 0 0 0 0 0 0 0 0 0 0 0 0 0 0 0 0 0 0 0 0 0 0 0 0 0 0 0 
130 
1A0 86 E1 
1F8 0 0 0 0 0 0 0 0 0 0 0 0 0 0 0 0 0 0 0 0 0 0 0 0 0 0 0 0 0 1E C7 BE 30 0 0 0 0 0 0 0 0 0 0 0 0 0 0 0 0 
183 
1CC 0 0 0 0 0 0 0 0 0 0 0 0 0 
11E DF BE 30 0 0 0 0 0 0 0 0 0 
11E DF 2F C2 0 0 0 0 0 0 0 0 0 0 0 0 0 0 0 0 0 0 0 0 0 0 0 0 0 0 0 0 0 0 0 0 0 0 0 0 0 0 0 0 0 0 0 0 0 0 0 0 0 0 0 0 0 0 0 0 0 0 0 0 0 0 0 0 0 
11E DF BF 60 0 0 0 0 0 0 1E DF 2F C2 0 0 0 0 0 0 0 0 0 0 0 0 
1E3 
1C8 0 0 0 0 0 0 0 0 0 0 0 0 0 0 0 0 0 0 0 0 0 0 0 0 0 0 0 0 0 0 0 0 0 0 0 0 0 0 0 0 1E DF 5F F1 0 0 0 0 0 1E DF 27 C2 0 0 0 0 0 0 0 0 0 0 0 0 0 0 0 0 0 0 0 0 0 0 0 0 0 0 0 0 0 0 0 0 0 0 0 0 0 0 0 0 0 0 0 0 0 0 0 0 0 0 0 0 0 0 0 1E CF 
110 
1F0 0 0 0 1E DF 2F C2 0 0 
103 
1C8 0 0 0 0 0 0 0 1E DF 21 0 0 0 0 0 0 1E DF 2F C2 0 0 0 0 0 0 0 0 0 1E DF 84 0 0 0 0 1E DF 2F E2 0 0 0 0 0 0 0 0 0 0 0 0 0 0 0 0 0 0 0 0 0 0 0 1E DF BF 7C 0 0 
11E DF 2F C2 0 0 0 0 0 0 1E DF BF 78 0 0 0 
11E DF 2F C2 0 0 0 0 0 0 0 0 0 0 0 0 0 0 0 0 0 0 0 1E DF BE 30 0 0 0 0 0 1E CF 2F C2 0 0 0 0 0 0 0 0 0 1E DF 8E 30 0 0 0 1E DF 2F E2 0 0 0 0 0 
103 80 0 0 0 0 1E DF BE 38 0 0 0 0 0 0 1E DF 2F C2 0 0 0 0 0 0 0 0 0 0 0 0 0 0 0 0 0 0 0 0 0 0 0 0 0 0 0 0 0 1E DF 5F C1 0 0 1E DF 27 C2 0 0 0 0 0 0 0 0 0 1E DF 5F C1 0 0 1E C7 2F C2 0 0 0 0 0 0 0 0 0 1E DF 4F C1 0 0 0 1E DF 2F C2 0 0 0 0 0 1E DF 4F C1 0 0 0 E DF 2F E2 0 0 0 0 0 0 0 0 0 0 0 0 0 1E DF 5F C1 0 0 1E DF 2F C2 0 0 0 0 0 0 0 0 0 0 0 0 
103 0 FE 0 0 0 0 0 0 