183 7 0 0 0 0 0 0 80 0 0 
184 6 22 0 0 0 FE 0 0 
190 0 3  
184 6 22 0 0 0 FE 0 0 
190 0 3  
184 6 22 0 0 0 FE 0 0  
184 6 22 0 0 0 FE 0 0 
190 0 3  
184 6 22 0 0 0 FE 0 0 
184 6 22 0 0 0 FE 0 0 
190 0 3  184 6 22 0 0 0 FE 0 0  
184 6 22 0 0 0 FE 0 0 
190 0 3  
184 6 22 0 0 0 FE 0 0  
184 6 22 0 0 0 FE 0 0  
184 6 22 0 0 0 FE 0 0 
190 0 3  
184 6 22 0 0 0 FE 0 0  
184 6 22 0 0 0 FE 0 0 
186 41 83 7C 
190 0 3 
186 41 84 7B 
186 41 81 7E 
186 41 84 7B  
184 6 22 0 0 0 FE 0 0 
186 41 80 7F 
186 41 84 7B 
186 41 82 7D 
186 41 84 7B  
184 6 22 0 0 0 FE 0 0 
190 0 3  
184 6 22 0 0 0 FE 0 0  
184 6 22 0 0 0 FE 0 0 
190 0 3  
184 6 22 0 0 0 FE 0 0  
184 6 22 0 0 0 FE 0 0 
190 0 3  
184 6 22 0 0 0 FE 0 0  
184 6 22 0 0 0 FE 0 0 